0 11 29 2 0.001
-0.437449 -1.14523 -0.337882 -0.14771 -0.514538 -0.216258 -0.57285 -0.992235 -0.755283 1.29303 0.674287 
0.0202201 -0.515468 -1.20727 -0.738665 -0.600723 -2.65517 -0.492964 -0.0463937 0.266489 0.223165 -0.230326 
0.131815 -0.653143 0.445693 1.01398 -2.49095 1.09057 1.85954 1.87709 1.82751 -4.21768 3.94854 
-0.103422 -0.631632 -0.214125 0.701906 1.65555 -2.72018 -2.01253 -0.965032 2.50561 0.938983 -3.92445 
-0.751248 -0.457822 -1.81714 -0.541688 -0.678118 -1.16089 -0.281473 -0.435871 -1.04118 -0.0615444 -0.0270921 
0.209531 -0.0643315 1.97162 0.848224 1.24678 1.03726 0.338797 -0.310696 -0.0312244 1.62871 -0.686201 
-1.99393 -0.659928 -0.723583 -0.401224 -0.553411 -0.841067 -0.924196 -1.25466 -0.231196 0.913142 0.523516 
0.406702 1.16004 0.642254 1.33343 0.481237 0.558974 1.33843 0.172636 -0.0692446 0.815921 0.259683 
0.361468 0.780789 0.794513 0.431734 0.249164 2.0438 0.423796 1.6955 -0.0581453 0.965701 -1.57458 
-5.51922 1.08454 1.5932 1.14315 -3.36785 0.331398 0.0291644 -4.85779 0.0768273 -1.60641 1.68429 
2.85931 -0.893369 -0.0695779 1.01999 2.27137 -8.28873 0.627084 0.0842351 3.3211 4.44342 -0.480798 
0.745704 -0.0061622 1.38673 0.84551 0.598794 0.143601 1.27076 0.0716139 1.75073 -0.165411 0.504877 
-0.322115 0.139099 -0.710072 1.54665 -0.768296 -0.0522322 0.907513 -0.997548 0.2002 -2.46304 3.54972 
-0.00319601 0.925458 0.457477 2.01344 0.575348 1.8026 0.100369 0.342162 1.15212 0.0257082 0.74409 
-0.91461 -0.915776 -1.38592 -0.847679 -0.952663 -0.844539 -1.03689 -0.0164944 -1.29747 0.32133 0.33557 
-1.9165 -0.545426 -1.02312 -0.596939 0.409651 -1.27724 -0.783045 -1.85739 -0.203294 0.996576 1.08076 
-9.16061 1.39812 0.0235722 1.50192 0.351474 -1.68511 0.00999361 -1.99749 0.313388 2.23396 -10.1874 
-0.507533 -0.661828 -0.734754 -0.835958 -0.441775 -1.14021 0.807369 -0.12085 -1.69246 -0.327396 0.559193 
4.19828 0.747912 1.62222 -0.783586 0.7144 1.05877 0.875872 0.699043 0.493551 0.769128 1.44075 
4.44335 6.043 1.09804 -1.73781 -0.242763 1.91438 0.217794 -7.14305 -0.206682 -0.260619 0.382087 
-0.0210949 -0.343518 -0.925099 -0.751198 -1.10605 -0.49229 -0.263652 -0.914991 -1.68924 -0.227367 -0.274297 
3.17613 -1.58529 -0.289124 2.37975 -0.77264 0.0572696 -0.747839 -0.692396 1.6212 -0.188851 2.0812 
0.189025 -0.474019 -1.0707 -1.21661 -1.34021 -1.0567 -0.852077 -0.853742 -0.00682199 -0.455347 1.06725 
-2.73975 -1.77807 -0.980593 -0.4283 -0.899675 -4.67646 -0.826909 -1.43539 0.684583 7.37344 1.25829 
-14.0976 -0.578593 -0.126602 -1.35723 -0.188801 -0.027162 -1.50631 -0.161065 0.826051 11.5425 0.598233 
2.14051 -1.20676 1.5513 -2.91871 -0.484994 0.223477 3.66622 2.25568 -1.09575 1.83313 5.06538 
0.966197 -0.588143 0.885731 -0.354907 -0.675021 -0.956014 -0.686806 -0.00647693 -0.366159 -0.238564 0.231343 
-3.53841 0.633087 3.2248 -1.10471 -0.615395 0.0425108 -0.577651 -4.201 0.183888 1.30338 -0.274384 
-2.98659 -1.05724 -1.02096 -0.535188 -0.708395 1.03654 -1.77081 -0.56483 -0.0599194 1.88725 0.185973 
-0.43032 -0.382027 3.29727 -0.291968 -0.572978 1.02362 -1.20338 0.77194 1.32915 4.51136 2.37918 0.865324 -3.93631 0.553027 -1.82383 -2.66838 -4.34594 -0.744231 1.40338 2.60627 -0.386225 -2.46365 -0.786529 -3.32154 -3.53401 -5.65172 -0.332753 -1.56645 -1.64407 
-0.378293 0.124652 -1.10355 -1.53589 -0.343223 -0.0605255 -0.0656112 0.00379598 -0.299157 2.04611 2.70488 0.913139 1.35472 -0.472384 -0.644179 -0.110598 -1.2786 0.0443002 0.438922 -2.72295 0.0644828 1.07234 0.986685 -0.67676 0.5219 -1.21259 0.381969 3.58705 -0.0621282 





