322067 11 29 2 0.001
-0.880524 0.846012 -0.0445482 -1.01569 -1.15565 -1.74395 -0.283698 0.337734 1.33226 1.61142 -0.783924 
-4.37267 0.26073 0.642492 -1.53505 -1.1897 4.01359 -2.0593 -0.842855 1.04177 -0.392937 2.66223 
-5.80352 -0.201369 -0.111935 -0.303876 0.110227 0.212545 -3.19494 0.00248924 0.623053 0.934548 15.5953 
-0.660928 -0.676061 -0.610368 -0.283679 1.10193 -0.652691 -0.796884 0.135432 -1.55925 -0.753139 0.136849 
3.29318 4.29189 0.178486 1.2134 0.783999 -1.0379 5.36498 -4.79468 10.6168 -4.09491 -7.42935 
10.0651 1.43176 0.232034 -0.779467 -3.87389 -0.565199 7.62376 -3.14922 7.72767 -2.69019 12.3611 
-0.633777 0.554817 0.505376 0.927965 0.902899 -0.000235726 0.659317 -0.0952964 0.248154 0.520925 0.443607 
0.874091 -0.236774 0.0356399 0.384353 0.791009 0.0326936 -0.00777636 2.06368 -0.07259 2.0011 0.589741 
-1.41691 1.88102 -0.296995 3.92555 0.901992 0.0849015 -0.116177 -0.463679 0.461657 -8.17134 1.65952 
-5.94143 0.885326 1.61193 2.15998 1.55829 -2.42771 1.14939 0.179797 -0.566183 -2.70357 3.76489 
-2.38414 -0.0989394 0.346823 -4.59331 -1.67751 1.18824 -0.325813 -1.11164 0.357078 1.4713 -0.036512 
-1.3896 -2.31324 4.83984 -0.0763617 -0.116278 -0.522741 0.723776 -3.24957 1.85669 -0.629829 -0.192106 
-5.95925 -0.773701 -1.03567 -0.792488 1.52815 4.71968 -0.642348 -0.477397 1.21286 -5.33994 -3.35763 
-0.964216 0.0173393 -1.73552 -0.879352 -0.651907 -0.404109 -0.713024 0.749261 -0.413489 0.290419 0.710462 
-1.16144 1.78945 0.893677 0.417341 -1.53525 -1.02802 -0.453865 2.13439 -0.139475 -4.14565 4.15747 
-16.3663 0.266259 -0.157356 -0.735977 1.17712 1.18996 1.80759 0.118234 -9.00615 10.2031 2.21988 
4.15123 0.386698 -0.229921 -1.21763 -2.51727 2.55 -2.09139 3.08116 0.697753 -2.75366 -5.03997 
3.31546 -1.48109 -0.859536 -1.57579 -0.394051 -0.583837 2.07807 -1.04386 0.476867 2.19468 -2.03626 
-17.9155 1.60807 -0.515289 0.155566 -4.01819 1.15016 -1.92626 -1.27521 -1.75615 10.4488 15.3045 
10.562 0.422165 -0.0177964 0.14896 2.76768 -4.48617 -0.482877 -2.1611 2.87859 -5.22632 4.55716 
-3.33005 0.465716 -0.241355 1.50947 1.51714 1.10856 0.47644 -2.32827 -2.84194 -2.11468 6.3404 
2.20022 -2.58808 0.909281 1.30543 10.4504 -6.17971 -3.31863 -0.838521 -3.55635 -2.71979 0.0952796 
-2.89666 0.259338 -0.398884 1.53432 1.13217 -1.96562 -0.388119 1.04578 -3.86142 3.68248 2.90426 
4.40133 2.30523 -1.87901 -1.3933 -1.10793 0.948831 -0.104988 0.434861 2.66474 0.150553 -4.83401 
2.3419 -2.15188 0.726731 0.721332 -5.02803 -0.83842 1.42759 -0.723231 0.749563 -1.28653 0.692725 
0.140035 -0.590623 -0.0841025 -0.499076 -5.0233 2.3844 0.342381 2.21739 0.872454 -1.00253 -0.0316087 
-8.78067 0.0399768 -0.111651 -0.00936695 -0.128897 -0.0749281 -5.40992 0.0629204 5.65589 4.85187 -7.65458 
-1.30198 -0.046739 -0.144692 -0.126089 6.96947 -10.4154 -2.22336 -0.426077 3.57647 -0.0673475 -3.21276 
6.84079 -0.787573 -0.428088 -2.14102 -2.76062 0.08089 0.151824 5.96886 0.526611 1.916 0.0142113 
-0.15762 2.27049 2.41708 -0.172416 -2.39201 -3.70776 6.36252 0.23399 1.59401 3.60975 2.68787 0.816845 2.87457 0.559793 0.141609 -4.98101 1.97217 6.64383 1.69758 -0.21786 0.311286 -2.39892 0.20735 -1.00616 1.47817 0.893611 -6.98041 5.36059 -1.89515 
-0.747648 -0.494565 -2.54427 -0.646602 0.0371064 0.418667 -0.557647 0.323219 0.089145 0.681713 0.354973 1.1036 -0.215203 0.52488 0.841841 -0.0666416 0.093552 1.18383 0.729185 -1.99822 1.2404 -0.442001 0.912768 -0.5863 -0.157712 -0.99312 -0.955218 -2.69303 1.03991 
