0 11 29 2 0.001
-0.278656 0.0578843 1.52734 -0.32796 -0.757115 -1.25989 -0.604803 -0.136302 -0.361876 -0.667616 -0.681506 
10.0033 2.00083 -5.26406 4.18731 -1.23636 0.62488 -1.29286 -0.690091 -1.07962 2.00494 1.36364 
-0.818977 -4.72676 -1.84728 -0.0709385 -2.08701 0.916601 1.14419 -3.40257 0.478424 2.02697 5.82764 
1.1915 -0.557681 2.65106 -0.263392 0.347535 -0.298675 1.75328 5.68032 -1.04798 -1.79277 -2.95004 
0.149612 -0.225215 1.3225 -0.3996 -2.10252 -1.38134 0.57783 -0.119016 0.774087 0.114612 0.37919 
-0.702155 -0.206253 0.747707 -0.34117 -1.73065 -0.415674 -1.01365 -1.23251 0.907325 0.65645 -0.563353 
0.141731 0.0817174 1.9175 1.33104 3.71902 -0.849066 -1.02093 -0.122445 1.61423 -4.03507 -2.13789 
3.99903 -0.548508 -1.98222 -2.73183 1.06627 0.5254 0.36671 2.27756 -0.426449 3.5159 5.55646 
14.1055 -0.607183 -2.06311 2.09089 -0.371327 0.446623 -2.11388 2.07018 1.91263 -7.89928 1.74088 
0.122854 0.141468 1.27863 -0.447183 -3.1356 -2.57681 -2.74854 1.16599 0.172901 0.778082 0.119852 
-5.87467 1.09715 -1.12917 1.59652 -2.47942 -0.291257 2.10081 -1.67838 0.672491 -0.999502 3.03401 
0.0245369 -1.4834 0.869869 -0.992438 0.228763 -0.984148 -0.648124 -0.200054 -0.371286 -0.564316 -0.371563 
-0.242178 4.13358 -0.281149 2.21221 0.0358557 2.33827 1.98893 0.994039 -0.615364 -6.18102 0.609331 
-0.601646 0.14347 1.39189 -0.0910769 -1.43118 -0.299446 -1.19338 -0.715241 -0.249591 -0.435656 0.397403 
-0.197063 -1.01211 0.483611 -0.813774 -1.07393 -1.0264 -0.476248 -0.276115 -0.713485 0.149476 -0.374444 
1.09033 0.387655 0.208349 0.480958 -1.44451 -0.968026 -0.765217 1.30992 -1.15716 1.66577 -0.481942 
-0.0735296 4.43685 -0.576113 0.0131729 3.80687 -1.31465 0.523938 -1.83047 -0.127347 -8.22849 -3.72137 
-5.64779 -2.29967 -1.33317 2.23636 1.5559 -6.15825 6.54925 1.25847 0.544695 -1.60234 1.17736 
-1.39148 0.255273 -2.13285 0.00913313 -1.8504 0.83124 -2.57764 2.15617 -2.24785 -2.46186 -1.06411 
-1.09814 -1.82511 2.05639 -0.903282 0.918195 -4.81637 4.0216 2.92068 2.47145 -2.35716 -12.6138 
-1.23581 -1.08063 -0.887012 0.208845 -0.839202 -2.04695 0.649219 -0.289717 -0.300946 -0.00221251 -0.486557 
-2.99859 -3.91835 2.78462 -8.38027 -0.0737126 -0.444871 0.451666 -0.703442 -5.00042 4.09061 2.53587 
-0.244245 0.618122 -0.621542 0.487726 -2.15392 -0.432442 -0.403013 0.845929 -0.569815 -0.700889 -0.279064 
1.30097 0.0994491 0.829977 -0.902435 0.756496 0.890706 0.910373 1.05962 0.182814 0.252851 0.426628 
0.256353 3.03783 -0.600112 -0.598335 -0.6721 -0.954237 -0.599476 -0.926537 0.427113 -0.252865 -0.411768 
-4.58647 0.572234 0.14918 -1.03034 -5.67366 7.37635 -0.185728 2.19549 -1.41734 -9.38205 4.75618 
-0.405378 0.263187 -0.579386 -0.907372 -0.482158 -0.651963 0.439491 1.35686 1.01165 -19.3111 12.7561 
-5.8472 1.59995 -2.83022 -0.0574576 -2.96514 -5.16664 7.99625 10.1554 3.94772 -0.449246 -1.78014 
4.28746 -0.753065 -2.21349 8.5621 0.246061 1.1348 -0.332097 -0.330574 1.40991 -1.01406 1.27334 
-1.49573 -16.583 -3.84478 1.64471 0.619644 -0.408051 0.277197 -2.09412 15.6947 -1.47817 4.6352 -0.604043 -0.0709386 1.0041 -0.359016 1.37832 3.29148 -4.1526 -2.9982 3.80821 -0.677572 -2.65481 0.641859 1.34605 -0.719965 1.03796 -5.23552 -3.55197 0.759286 
0.172998 0.757012 2.82617 2.07883 -0.550817 0.551064 2.73624 -3.51491 0.0263201 0.930149 0.209246 0.401662 0.823664 -0.764888 -0.108595 0.235425 -1.63949 0.482737 1.03582 0.351203 -1.40343 0.156291 -0.886629 0.731487 -0.374703 -3.11419 0.597512 -0.962867 -3.50361 


-0.270809 0.062814 1.42583 -0.303339 -0.766383 -1.19944 -0.57608 -0.122349 -0.355065 -0.770219 -0.648682 
11.2013 1.74403 -5.17314 4.15041 -1.3414 0.589064 -1.16017 -0.619324 -1.03967 1.98965 1.3373 
-0.844739 -4.45899 -1.796 -0.0676039 -2.15349 0.916967 1.14419 -3.34052 0.442558 2.00866 6.1379 
1.11209 -0.500445 2.33369 -0.25083 0.369212 -0.320774 2.00046 5.68705 -1.06173 -1.69175 -2.62235 
0.151474 -0.223323 1.37816 -0.4 -2.19165 -1.42694 0.550493 -0.131721 0.814732 0.115781 0.383638 
-0.763107 -0.200306 0.757287 -0.362963 -1.45079 -0.424709 -0.946004 -1.24672 0.855583 0.651121 -0.520805 
0.140623 0.0803069 1.80815 1.25636 3.79683 -0.800637 -1.05335 -0.119046 1.56923 -4.24866 -2.36612 
3.77322 -0.58897 -2.06542 -2.84534 1.1107 0.49539 0.353274 2.60026 -0.414028 3.18977 5.35346 
13.5753 -0.601963 -2.0054 2.15687 -0.343699 0.475106 -2.05331 2.05523 2.07677 -7.60533 1.60893 
0.113779 0.156715 1.33416 -0.434854 -3.10916 -2.47773 -2.69897 1.22758 0.167916 0.77183 0.130188 
-5.48313 1.17809 -1.13405 1.69644 -2.80099 -0.294821 1.96193 -1.91558 0.686834 -1.03041 3.04066 
0.0255615 -1.41195 0.888787 -1.04486 0.23822 -1.0161 -0.616789 -0.190457 -0.35004 -0.548758 0.384053 
-0.219799 4.22139 -0.2708 2.08626 0.0366753 2.38815 2.03443 0.947562 -0.661883 -6.00696 0.598638 
-0.614969 0.140784 1.32551 -0.103928 -1.4329 -0.306264 -1.21773 -0.730941 -0.268405 -0.41142 0.427227 
-0.195503 -1.07676 0.49353 -0.856063 -1.11879 -0.996699 -0.485967 -0.265821 -0.766042 0.16052 -0.360078 
1.14931 0.391571 0.210686 0.472708 -1.43235 -1.03943 -0.781614 1.31032 -1.20693 1.55616 -0.482617 
-0.0686766 4.30678 -0.559557 0.013306 3.52183 -1.23966 0.51412 -1.85267 -0.124963 -7.75467 -3.54287 
-5.88781 -2.21122 -1.30845 2.15146 1.5269 -6.55038 6.90339 1.25075 0.523902 -1.48074 1.25207 
-1.36581 0.238215 -1.99128 0.00934489 -1.69354 0.89309 -2.88309 2.22421 -2.16139 -2.5911 -1.202 
-1.20395 -1.82511 1.97908 -0.95128 0.882969 -5.12047 4.27851 3.01704 2.21782 -2.63678 -12.3799 
-1.28883 -1.08279 -0.952941 0.222275 -0.798705 -2.33577 0.669227 -0.262584 -0.267412 -0.00217108 -0.527995 
-2.85792 -3.96546 2.62897 -7.74977 -0.0785713 -0.497282 0.470911 -0.704075 -4.44322 4.05822 2.32134 
-0.270316 0.600893 -0.660585 0.51318 -2.13729 -0.450456 -0.415896 0.927897 -0.613393 -0.768726 -0.265935 
1.22813 0.0965622 0.882837 -0.95058 0.734756 0.857815 0.978027 1.11512 0.184863 0.258556 0.418802 
0.259099 2.89439 -0.631743 -0.569738 -0.665916 -0.965119 -0.657044 -0.966882 0.436402 -0.253247 -0.400698 
-4.82905 0.523725 0.154102 -1.00043 -5.8074 7.53287 -0.182355 2.2702 -1.25953 -9.47682 4.61765 
-0.386275 0.253195 -0.557273 -0.855628 -0.473216 -0.679399 0.44923 1.26669 1.01327 -18.5924 12.2655 
-5.56995 1.58411 -2.80386 -0.0655854 -3.06078 -4.59003 7.84875 10.4928 3.54495 -0.42782 -1.87265 
3.77163 -0.675841 -2.02647 7.83551 0.239278 1.00033 -0.335819 -0.29371 1.35582 -0.987299 1.33979 
-1.51356 -16.6096 -3.81276 1.53466 0.693847 -0.404462 0.261619 -2.03313 16.3731 -1.44904 4.55518 -0.610515 -0.0703487 1.02601 -0.378394 1.45054 3.13573 -4.11594 -3.25155 4.21474 -0.556754 -2.82157 0.669405 1.24538 -0.765731 1.05047 -4.8382 -3.19153 0.715979 
0.164977 0.727686 2.91446 2.10509 -0.616406 0.586278 2.73898 -3.24943 0.0246252 0.972306 0.215822 0.386213 0.842579 -0.767098 -0.115416 0.235638 -1.61068 0.464313 -0.996687 0.35905 -1.49173 0.16122 -0.896217 0.801563 -0.363828 -3.21637 0.616368 -1.00338 -3.84078 


-0.27308 0.0626758 1.36581 -0.331392 -0.756673 -1.14939 -0.687846 -0.10835 -0.36878 -0.84953 -0.628219 
11.0603 1.88382 -5.21235 3.66926 -1.23502 0.58812 -1.13491 -0.617527 -1.00616 1.8328 1.12555 
-0.817442 -4.67894 -1.73776 -0.0731106 -2.10725 0.896563 1.10744 -2.7278 0.436996 1.92451 6.69282 
1.20121 -0.433667 2.26189 -0.263097 0.364315 -0.343125 2.07816 5.96343 -1.07107 -1.70593 -2.91756 
0.151263 -0.220668 1.43096 -0.395328 -2.12357 -1.43834 0.506539 -0.125039 0.838161 0.127703 0.41016 
-0.760821 -0.18256 0.69006 -0.340733 -1.47655 -0.436442 -0.870991 -1.37553 0.879133 0.630076 -0.535943 
-0.147443 0.0825008 1.91612 1.13384 3.52969 -0.767703 -0.951393 -0.116411 1.45911 -4.24018 -2.43271 
3.92092 -0.58168 -2.08316 -3.10538 1.17668 0.47454 0.349007 2.61973 -0.464818 3.84596 5.49862 
14.2279 -0.618531 -2.02059 2.1287 -0.332623 0.534565 -2.00803 2.17755 1.91154 -8.14256 1.35367 
0.114562 0.148691 1.33097 -0.38852 -3.16597 -2.57114 -2.43478 1.06421 0.154663 0.724342 0.123657 
-5.52248 1.24882 -1.10837 1.69341 -3.18176 -0.309181 1.91846 -2.19644 0.685117 -0.930761 2.94238 
0.024755 -1.28683 0.84303 -0.942029 0.235252 -1.05494 -0.591299 -0.172038 -0.390064 -0.489897 0.406907 
-0.21923 4.34145 -0.241972 2.16576 0.0400434 2.02891 1.98994 0.774153 -0.661023 -6.43001 0.568213 
-0.631833 0.129516 1.55041 -0.0976991 -1.29262 -0.276396 -1.23898 -0.722039 -0.262563 -0.422788 0.389533 
-0.193255 -0.879618 0.512084 -0.837015 -1.16084 -0.92731 -0.447475 -0.270542 -0.764893 0.164921 -0.369991 
1.14576 0.431377 0.203915 0.466627 -1.58001 -1.03685 -0.684849 1.18302 -1.19104 1.53568 -0.495852 
-0.068464 4.34333 -0.541254 0.0130049 3.65824 -1.20016 0.483305 -1.77542 -0.125846 -7.66177 -3.71614 
-6.23257 -2.20745 -1.56201 2.39316 1.43352 -7.14833 7.24398 1.33882 0.482409 -1.60056 1.23645 
-1.3613 0.270462 -1.98668 0.00904918 -1.7936 0.890323 -2.93343 2.2628 -2.38112 -2.53371 -1.33915 
-1.3806 -1.8958 1.84145 -0.987539 0.916714 -5.11333 3.93886 2.86285 2.12597 -2.60442 -13.5126 
-1.23506 -1.12406 -1.01924 0.206698 -0.845812 -2.3758 0.661014 -0.283943 -0.243844 -0.0022331 -0.506175 
-2.73651 -3.99869 2.3728 -8.45641 -0.0737733 -0.486217 0.493203 -0.70913 -4.21954 3.96833 2.13877 
-0.277811 0.588344 -0.614293 0.50703 -2.08994 -0.453867 -0.458264 0.854321 -0.599983 -0.890518 -0.276014 
1.20045 0.100214 0.829586 -0.968142 0.725447 0.855249 1.06774 1.11166 0.192045 0.302638 0.393462 
0.277261 3.06449 -0.617871 -0.524566 -0.756974 -1.02133 -0.710709 -0.926927 0.430872 -0.231046 -0.403653 
-4.81407 0.507153 0.152196 -0.958137 -5.56907 7.97714 -0.193074 2.35767 -1.25788 -9.08789 4.7941 
-0.362906 0.245163 -0.550432 -0.862115 -0.476424 -0.645066 0.515766 1.34192 0.970426 -18.1915 13.2445 
-5.96462 1.47294 -2.66032 -0.0634846 -3.33953 -4.5827 7.98968 10.6631 3.20212 -0.414448 -1.84802 
3.76296 -0.622753 -2.0222 8.89269 0.238732 0.99793 -0.352317 -0.311002 1.29952 -0.975273 1.34927 
-1.60346 -16.7405 -3.58494 1.65699 0.691974 -0.415801 0.269118 -1.9875 16.8288 -1.41693 4.59015 -0.551308 -0.0654641 1.08544 -0.331781 1.5516 2.97788 -3.98849 -3.4795 4.24797 -0.555805 2.7055 0.641485 1.29338 -0.811625 1.08058 -4.4537 -3.38046 0.67905 
0.169638 0.676893 2.9686 1.88194 -0.603055 0.539847 2.73377 -3.21405 0.0255458 0.869144 0.208952 0.443281 0.874788 -0.812502 -0.11858 0.219171 -1.54336 0.435918 -1.13218 0.343938 -1.37374 0.175935 -1.02802 0.857841 -0.417049 -3.14699 0.652196 -0.961437 -3.68355 


-0.269809 0.0663989 1.34987 -0.337445 -0.778279 -1.12371 -0.751319 -0.111433 -0.364654 -0.74443 -0.584426 
11.7244 1.89847 -5.46405 3.58943 -1.24562 0.587358 -1.08867 -0.592126 -1.1102 1.81176 1.20506 
-0.957472 -4.67334 -1.73343 -0.0701385 -2.14594 0.979095 1.19847 -2.72342 0.383088 2.06044 6.74759 
1.19906 -0.459382 2.30205 -0.290246 0.371005 0.370964 1.95341 5.95446 -1.11333 -1.65309 -3.00386 
0.155536 -0.222385 1.33228 -0.390593 -1.89788 -1.52455 0.52595 -0.127425 0.828699 0.128799 0.401355 
-0.789975 -0.195495 0.688885 -0.340391 -1.36045 -0.426987 -0.869514 -1.41523 0.92352 -0.575065 -0.551412 
-0.142849 0.0956863 2.15591 1.03419 3.45394 -0.735978 -1.02744 -0.117457 1.33092 -4.1911 -2.33381 
3.91307 -0.574941 -2.05965 -3.42859 1.08413 0.464399 0.366443 2.61605 0.488139 3.76264 5.11839 
15.8533 -0.64911 -2.1419 1.92226 -0.352449 0.561496 -1.90676 1.92686 2.15121 -8.46051 1.37895 
0.125119 0.149924 1.2517 -0.399896 -3.15933 -2.43948 -2.33674 1.09458 0.160847 0.737569 0.123474 
-5.40879 1.33718 -1.16409 1.56041 -3.17602 -0.299486 1.8784 -2.17186 0.690933 -0.920348 2.85299 
0.024226 -1.44802 0.800432 -0.876978 0.270068 -1.09646 -0.567431 -0.177003 -0.381995 -0.45164 0.410116 
-0.190262 4.29162 -0.21632 2.36629 0.0395678 1.83323 1.94723 0.829587 -0.596857 -6.10568 -0.578708 
-0.637319 0.13192 1.62804 -0.0956782 -1.3982 -0.265079 -1.23736 -0.79663 -0.256872 -0.430641 0.400775 
-0.206886 -0.770562 0.53751 -0.861778 -1.21809 -0.829169 -0.479036 -0.267353 -0.741356 0.171427 -0.362267 
1.17917 0.457096 0.197581 0.504385 -1.65796 -1.0556 -0.690663 1.14606 -1.23766 1.4435 -0.4805 
-0.0630795 4.51428 -0.608747 0.0123512 3.65018 -1.15172 0.533072 -1.66884 -0.134802 -8.28501 -3.78781 
-6.67016 -2.13782 -1.42492 2.51047 1.51975 -7.34875 7.08491 1.31049 0.506057 -1.64792 1.22311 
-1.35871 0.261982 -2.04443 0.00868302 -1.73736 0.862927 -3.23809 2.14847 -2.4991 -2.50488 -1.23533 
-1.43348 -1.95092 2.03188 -1.10079 0.861598 -5.10519 4.0096 2.8308 1.97919 -2.68093 -13.2184 
-1.17324 -1.20417 -0.977705 0.21279 -0.802986 -2.78224 0.701054 -0.295266 -0.245863 -0.00212088 -0.515369 
-2.70374 -3.65028 2.23036 -8.18394 -0.0646268 -0.495346 0.473055 -0.766897 -4.08846 4.16451 2.00935 
-0.291458 0.520919 -0.651437 0.521717 -2.3774 -0.426833 -0.476253 0.819587 -0.610634 -0.845261 -0.2896 
1.27187 0.101055 0.905861 -0.986812 0.738921 0.861731 1.13206 1.06585 0.199545 0.276047 0.425385 
0.26865 3.18383 -0.598739 -0.464591 -0.643621 -0.961082 -0.832292 -0.963023 0.409261 -0.242541 -0.40317 
-4.66642 0.516417 0.155085 -0.975248 -6.20707 7.57549 -0.194791 2.52547 -1.33353 -9.16872 4.88313 
-0.369387 0.275927 -0.512012 -0.895421 -0.466197 -0.670858 0.509587 1.24873 0.894106 -18.166 13.9021 
-5.71986 1.57668 -2.65606 -0.0672965 -3.33521 -4.44126 7.43865 10.118 3.19827 -0.409894 -1.73743 
3.6807 -0.615664 -1.94095 8.10895 0.250585 1.03659 -0.36205 -0.307338 1.3099 -0.917281 1.30659 
-1.53857 -16.7088 -3.68916 1.65433 0.748417 -0.458296 0.274198 -1.96487 16.8171 -1.47243 4.91587 -0.567275 -0.0679726 1.0835 -0.337572 1.44445 3.03227 -4.26896 -3.54235 3.95263 -0.571675 2.56981 0.640266 1.26487 -0.818189 1.10142 -4.4448 -3.55079 0.678035 
0.151517 0.799818 3.11692 2.01408 -0.561354 0.578385 2.65042 -3.58012 0.023313 0.903442 0.200476 0.420711 0.847871 -0.818659 -0.125712 0.195819 -1.46579 0.426559 -1.08614 0.357329 -1.45666 0.195896 -0.995791 0.937374 -0.384403 -3.20287 0.684442 -0.951059 -3.56807 


-0.276336 0.062814 1.41171 -0.297391 -0.751282 -1.21156 -0.570376 -0.11995 -0.344656 -0.755117 -0.648746 
11.3167 1.70966 -5.07171 4.11013 -1.32825 0.571796 -1.16064 -0.613192 -1.07161 1.98965 1.3373 
-0.844823 -4.68974 -1.76078 -0.0662719 -2.17568 0.898987 1.13309 -3.44277 0.429584 2.04965 6.26379 
1.11209 -0.495588 2.33369 -0.253364 0.369212 -0.324014 2.00046 5.80311 -1.05122 -1.60996 -2.67587 
0.148504 -0.223502 1.40614 -0.412286 -2.14868 -1.42751 0.534355 -0.126606 0.823128 0.114657 0.395421 
-0.740737 -0.200306 0.757287 -0.362999 -1.42249 -0.429086 -0.975061 -1.27229 0.855668 0.657698 -0.520962 
0.140623 0.0787246 1.82641 1.26918 3.87432 -0.79271 -1.04313 -0.121475 1.58508 -4.24866 -2.39002 
3.81133 -0.577422 -2.06542 -2.96266 1.13325 0.500495 0.353274 2.54927 -0.426745 3.28775 5.3556 
13.3132 -0.608043 -2.02566 2.1791 -0.343734 0.480097 -2.05331 1.95586 2.05621 -7.60533 1.64193 
0.117274 0.156715 1.34818 -0.439246 -3.17261 -2.38152 -2.78187 1.20351 0.167933 0.77183 0.132845 
-5.65155 1.15499 -1.16877 1.73176 -2.85815 -0.289156 1.90479 -1.87802 0.700921 -1.05144 2.98104 
0.0266155 -1.42621 0.845817 -1.04486 0.238316 -0.99618 -0.616973 -0.186723 -0.339846 -0.548758 0.372758 
-0.222019 4.18042 -0.273535 2.08626 0.0385732 2.43664 2.07595 0.947657 -0.689175 -5.94867 0.598638 
-0.614969 0.13939 1.31239 -0.104978 -1.47691 -0.306356 -1.23052 -0.716539 -0.271171 -0.419816 0.427269 
-0.19167 -1.09917 0.49353 -0.873444 -1.11879 -1.0378 -0.485967 -0.271246 -0.797629 0.15276 -0.374926 
1.13793 0.384046 0.208684 0.487227 -1.46143 -1.02914 -0.751263 1.33706 -1.17155 1.55631 -0.482665 
-0.0693703 4.22233 -0.559557 0.0133113 3.5937 -1.23966 0.504039 -1.79836 -0.127513 -7.91293 -3.4397 
-6.00797 -2.25635 -1.32246 2.24017 1.49696 -6.48553 6.90339 1.25087 0.534808 -1.43734 1.25207 
-1.39368 0.238215 -1.97156 0.00907095 -1.67711 0.875666 -2.82656 2.24668 -2.18322 -2.59136 -1.20248 
-1.21611 -1.80739 1.97928 -0.932627 0.882969 -5.12047 4.27851 3.01704 2.1528 -2.58482 -12.7601 
-1.28883 -1.105 -0.952941 0.217938 -0.783278 -2.38344 0.669227 -0.262584 -0.262195 -0.00217173 -0.538715 
-2.80188 -3.9262 2.60346 -7.91032 -0.0801748 -0.482704 0.466249 -0.683571 -4.35784 4.05822 2.36871 
-0.275833 0.613217 -0.647829 0.534286 -2.09538 -0.432965 -0.42434 0.891778 -0.625973 -0.769034 -0.260721 
1.18032 0.0946595 0.856957 -0.913668 0.734756 0.857815 0.978027 1.13788 0.188636 0.250976 0.418843 
0.261822 2.89439 -0.631743 -0.536877 -0.652859 -0.955753 -0.644161 -0.948303 0.427845 -0.253273 -0.392841 
-5.02816 0.534413 0.149584 -1.01074 -5.69353 7.76424 -0.177009 2.24817 -1.23533 -9.47777 4.66523 
-0.390216 0.245772 -0.562902 -0.864271 -0.468624 -0.666078 0.44941 1.27948 1.02351 -17.8704 12.3894 
-5.62621 1.60011 -2.80386 -0.0662479 -3.12324 -4.59139 7.77258 10.8151 3.65384 -0.432229 -1.8734 
3.77163 -0.689634 -1.98654 7.83551 0.244161 1.01063 -0.342672 -0.29086 1.32911 -0.968037 1.34033 
-1.54445 -16.2839 -3.77576 1.50457 0.701135 -0.396492 0.261619 -2.03333 15.7374 -1.46427 4.37829 -0.610515 -0.0696592 1.02601 -0.378432 1.43646 3.13573 -4.20162 -3.21936 4.1321 -0.568116 -2.85007 0.662777 1.29687 -0.766038 1.07191 -4.79222 -3.28956 0.71605 
0.163344 0.735036 2.91446 2.06381 -0.628986 0.580588 2.65869 -3.24943 0.0246351 0.982127 0.21159 0.402138 0.834402 -0.759503 -0.115416 0.242876 -1.59505 0.455209 -0.987014 0.355566 -1.40569 0.159656 -0.887699 0.801643 -0.367503 -3.21637 0.616614 -1.02386 -3.84078 


-0.276225 0.0621859 1.42583 -0.300306 -0.751132 -1.19944 -0.570319 -0.118703 -0.358616 -0.770219 -0.648682 
11.311 1.76147 -5.17314 4.15041 -1.35481 0.589064 -1.16017 -0.613131 -1.02927 1.98945 1.29744 
-0.836292 -4.45899 -1.83192 -0.0682799 -2.15349 0.889641 1.13275 -3.37392 0.438132 2.02875 6.38587 
1.11209 -0.505449 2.33369 -0.253338 0.361865 -0.327189 2.00046 5.63018 -1.06173 -1.67483 -2.6748 
0.151474 -0.227789 1.40572 -0.4 -2.19165 -1.4268 0.550438 -0.134355 0.798437 0.114623 0.372206 
-0.786153 -0.198263 0.76486 -0.362963 -1.43628 -0.416215 -0.927084 -1.25919 0.838471 0.651121 -0.526013 
0.140623 0.081913 1.79007 1.23123 3.79683 -0.800637 -1.05335 -0.117856 1.60061 -4.24866 -2.41368 
3.81095 -0.58897 -2.08607 -2.87379 1.13291 0.505298 0.356736 2.65227 -0.414028 3.18945 5.19393 
13.3038 -0.601963 -2.02505 2.17844 -0.336825 0.470355 -2.03278 2.05523 2.03523 -7.75744 1.57675 
0.116055 0.153581 1.32082 -0.430419 -3.10916 -2.47773 -2.59209 1.20303 0.167916 0.787267 0.128886 
-5.59279 1.18987 -1.15684 1.66269 -2.829 -0.300717 1.92269 -1.97343 0.707576 -1.03041 2.97985 
0.0255589 -1.44033 0.879722 -1.02396 0.240555 -1.0161 -0.616789 -0.188552 -0.34654 -0.548758 0.380212 
-0.219711 4.2636 -0.2708 2.04453 0.0366753 2.38815 1.99374 0.957038 -0.661883 -6.06583 0.598638 
-0.614969 0.140784 1.299 -0.101849 -1.37616 -0.306264 -1.20555 -0.74556 -0.268405 -0.415534 0.431414 
-0.195503 -1.04467 0.483709 -0.856063 -1.12975 -0.976765 -0.495686 -0.260505 -0.773702 0.16052 -0.360078 
1.14931 0.399402 0.212793 0.482162 -1.43235 -1.03943 -0.765982 1.29722 -1.219 1.55616 -0.482617 
-0.0707506 4.30678 -0.559557 0.013306 3.45139 -1.22726 0.503838 -1.85267 -0.121239 -7.60035 -3.54287 
-5.88781 -2.25544 -1.32153 2.15125 1.54217 -6.61588 6.90339 1.23824 0.523902 -1.51035 1.28988 
-1.39326 0.233451 -1.95145 0.00906641 -1.69354 0.89309 -2.85426 2.22421 -2.16139 -2.64292 -1.17796 
-1.21599 -1.82511 1.97908 -0.960793 0.882969 -5.06927 4.27851 2.98687 2.19564 -2.63678 -12.5037 
-1.27568 -1.08279 -0.933882 0.222275 -0.806692 -2.38272 0.669227 -0.26521 -0.267412 -0.00214937 -0.527995 
-2.80076 -3.96546 2.65526 -7.74977 -0.0785713 -0.497083 0.470911 -0.704075 -4.44322 4.05822 2.32134 
-0.259612 0.600893 -0.660585 0.51318 -2.13643 -0.432618 -0.415896 0.918432 -0.601125 -0.776413 -0.263276 
1.21585 0.0984934 0.882749 -0.95058 0.727408 0.840659 0.987807 1.11512 0.18856 0.261142 0.418802 
0.259099 2.89439 -0.619108 -0.569738 -0.679234 -0.945817 -0.657044 -0.957213 0.440766 -0.250715 -0.400538 
-4.73247 0.523725 0.154102 -1.02044 -5.74933 7.45754 -0.180531 2.2702 -1.25953 -9.47682 4.6158 
-0.390061 0.258259 -0.557273 -0.864184 -0.468484 -0.679399 0.44923 1.26669 1.01327 -18.5924 12.1428 
-5.62565 1.58411 -2.80386 -0.0655854 -3.06078 -4.54413 8.00572 10.2829 3.54353 -0.423542 -1.8352 
3.77163 -0.669083 -1.98594 7.75715 0.246505 1.01033 -0.335819 -0.293592 1.35582 -0.987299 1.36659 
-1.51356 -16.4435 -3.81276 1.53404 0.686909 -0.404462 0.261619 -2.03232 16.3731 -1.44904 4.60073 -0.610515 -0.0689417 0.995435 -0.378394 1.47955 3.16709 -4.03362 -3.28407 4.29903 -0.545619 -2.82157 0.662577 1.27041 -0.781046 1.03997 -4.8382 -3.1277 0.708819 
0.164977 0.734817 2.88532 2.12572 -0.610242 0.586278 2.6842 -3.28192 0.0246252 0.972306 0.211506 0.386213 0.859431 -0.78244 -0.113108 0.237947 -1.61068 0.464313 -1.01662 0.366231 -1.52156 0.162832 -0.905179 0.801242 -0.371105 -3.21637 0.628695 -1.00338 -3.84078 


-0.276225 0.061564 1.42583 -0.300306 -0.751132 -1.19944 -0.570319 -0.118703 -0.358616 -0.777921 -0.648682 
11.1979 1.76147 -5.17314 4.19191 -1.32771 0.589064 -1.16017 -0.613131 -1.02927 1.94966 1.29744 
-0.827929 -4.50358 -1.79528 -0.0682799 -2.15349 0.889641 1.15541 -3.30644 0.438132 2.00846 6.38587 
1.11209 -0.500395 2.28702 -0.253338 0.361865 -0.327189 2.00046 5.63018 -1.06173 -1.64133 -2.7283 
0.149959 -0.227789 1.41978 -0.404 -2.14782 -1.4268 0.550438 -0.134355 0.798437 0.116915 0.375928 
-0.786153 -0.19628 0.76486 -0.362963 -1.40755 -0.416215 -0.936355 -1.27178 0.838471 0.664143 -0.520753 
0.142029 0.0810939 1.79007 1.23123 3.75886 -0.800637 -1.05335 -0.116677 1.60061 -4.24866 -2.41368 
3.84906 -0.577191 -2.08607 -2.87379 1.13291 0.505298 0.356736 2.70532 -0.422309 3.22134 5.19393 
13.5699 -0.601963 -2.02505 2.17844 -0.336825 0.479762 -2.01245 2.05523 2.03523 -7.75744 1.54522 
0.116055 0.150509 1.33403 -0.434723 -3.10916 -2.47773 -2.54025 1.17897 0.166237 0.771522 0.127597 
-5.59279 1.18987 -1.15684 1.66269 -2.829 -0.300717 1.94192 -1.9537 0.714652 -1.04071 2.97985 
0.0253033 -1.41152 0.862128 -1.04444 0.240555 -1.0161 -0.610621 -0.188552 -0.34654 -0.537783 0.380212 
-0.219711 4.22096 -0.2708 2.04453 0.0363085 2.38815 1.99374 0.957038 -0.661883 -6.06583 0.598638 
-0.614969 0.137968 1.31199 -0.100831 -1.37616 -0.306264 -1.18144 -0.74556 -0.268405 -0.415534 0.431414 
-0.197458 -1.04467 0.483709 -0.838942 -1.14105 -0.976765 -0.495686 -0.260505 -0.781439 0.162125 -0.363679 
1.13782 0.395408 0.212793 0.47734 -1.43235 -1.03943 -0.765982 1.29722 -1.23119 1.52504 -0.487443 
-0.0707506 4.30678 -0.565153 0.0130399 3.45139 -1.22726 0.508876 -1.8712 -0.122451 -7.60035 -3.61373 
-5.94669 -2.25544 -1.32153 2.19427 1.54217 -6.68204 6.90339 1.23824 0.523902 -1.51035 1.28988 
-1.36539 0.235785 -1.95145 0.00906641 -1.69354 0.910952 -2.85426 2.24645 -2.13978 -2.64292 -1.17796 
-1.21599 -1.82511 1.9395 -0.960793 0.900628 -5.06927 4.19294 2.98687 2.19564 -2.63678 -12.5037 
-1.26292 -1.08279 -0.933882 0.21783 -0.806692 -2.43037 0.682612 -0.270514 -0.270086 -0.00214937 -0.527995 
-2.85678 -3.96546 2.65526 -7.74977 -0.0785713 -0.487141 0.470911 -0.711116 -4.44322 4.13938 2.32134 
-0.259612 0.600893 -0.667191 0.51318 -2.17916 -0.432618 -0.415896 0.927616 -0.601125 -0.776413 -0.263276 
1.24017 0.0984934 0.882749 -0.95058 0.71286 0.840659 0.977929 1.11512 0.190446 0.261142 0.418802 
0.259099 2.95228 -0.619108 -0.569738 -0.679234 -0.945817 -0.657044 -0.966785 0.440766 -0.250715 -0.400538 
-4.73247 0.528962 0.154102 -1.01024 -5.74933 7.53212 -0.180531 2.2702 -1.25953 -9.47682 4.6158 
-0.390061 0.260842 -0.562846 -0.872826 -0.477854 -0.686193 0.453722 1.26669 1.01327 -18.5924 12.1428 
-5.62565 1.58411 -2.80386 -0.0662412 -3.06078 -4.54413 8.00572 10.3857 3.54353 -0.423542 -1.85355 
3.84706 -0.662392 -1.98594 7.60201 0.246505 1.03054 -0.339177 -0.299464 1.34226 -0.987299 1.36659 
-1.51356 -16.4435 -3.81276 1.56472 0.686909 -0.400417 0.261619 -1.99167 16.3731 -1.43455 4.69274 -0.610515 -0.0689417 0.995435 -0.378394 1.47955 3.16709 -4.03362 -3.28407 4.29903 -0.545619 -2.79335 0.662577 1.25771 -0.781046 1.05037 -4.8382 -3.15898 0.708819 
0.164977 0.734817 2.85647 2.14698 -0.622447 0.574552 2.6842 -3.28192 0.0246252 0.972306 0.209391 0.386213 0.859431 -0.798089 -0.110846 0.235568 -1.57847 0.464313 -1.01662 0.366231 -1.52156 0.166089 -0.905179 0.809254 -0.363683 -3.21637 0.628695 -1.00338 -3.84078 
