250000 11 29 2 0.001
-0.908673 0.830526 -0.041146 -1.14948 -1.51329 1.72497 -0.268015 0.533778 1.39801 1.51069 -0.857965 
-4.4868 0.225113 0.846391 -1.40459 -0.954022 4.1332 -1.43938 -0.767171 1.38333 -0.453141 2.8683 
-4.61386 -0.38366 -0.123737 -0.326286 0.122265 0.208947 -4.0731 0.00370351 0.781924 1.20777 18.1621 
-0.917719 -0.41328 -0.727683 -0.295962 0.861816 -0.631869 -0.774062 0.140981 -1.15082 -0.928294 0.142891 
3.30357 4.10417 0.200906 2.01013 0.836263 -1.02078 3.99148 -2.90889 11.8633 -4.91388 -7.48907 
8.00232 1.78587 0.221002 -1.16178 -4.46988 -0.686 8.11498 -2.25792 5.93279 -3.03864 9.77419 
-0.632948 0.616852 0.45017 0.686572 0.852175 -0.000187668 0.591786 -0.0988169 0.191697 0.427484 0.446069 
0.81305 -0.21737 0.0340862 0.287412 0.968606 0.0370978 -0.0065547 1.97302 -0.0740095 1.31457 0.578518 
-1.50525 -2.27708 -0.217392 3.79585 0.841025 0.100331 -0.112367 -0.645256 0.512268 -7.11446 1.80073 
-4.50686 0.859128 1.43718 2.16023 2.07992 -3.13346 1.35002 0.234432 -0.568817 -3.06066 4.67689 
-1.8991 -0.128461 0.723587 -3.87347 -1.79732 1.52123 -0.28165 -1.25346 0.445588 1.42509 -0.0268758 
-1.73568 -2.54541 3.2168 -0.059194 -0.150437 -0.775821 0.868706 -3.80052 1.93305 -0.719361 -0.258915 
-6.07234 -0.707746 -0.851234 -0.810639 1.30673 3.71394 -0.75199 -0.358739 1.27291 -4.90636 -2.6551 
-0.915467 -0.0176901 -1.84165 -0.752825 -0.686701 -0.481562 -0.649024 0.942825 -0.473665 0.281893 0.620023 
-0.857653 1.827 1.19475 0.724656 -2.10459 -1.0534 -0.379249 1.89851 -0.192489 -3.86863 3.34376 
-15.6068 0.225654 -0.202154 -0.82008 1.58164 1.54701 3.39854 0.203845 -7.47853 7.33977 2.44258 
3.72938 0.432234 -0.176413 -1.31013 -2.78233 2.85055 -1.73904 3.39172 0.851417 -4.00794 -4.95514 
4.68514 -1.22903 -0.898302 -1.40543 -0.631145 -0.565222 1.61653 -1.05598 0.529748 1.74825 -1.99529 
-12.1509 2.17566 -0.47818 0.132211 -4.16882 1.46183 -1.7172 -1.24307 -1.57829 8.25485 12.2464 
8.27672 0.476406 -0.0200755 0.152798 2.98534 -4.75783 -0.517751 -2.7093 2.67318 -4.23314 3.53318 
-3.34749 0.532233 -0.230511 1.38371 1.48019 1.21856 0.584244 -2.00775 -2.76362 -1.9065 7.49904 
1.46669 -2.69239 1.09712 1.09349 9.22448 -5.12454 -3.92443 -1.31644 -3.49516 -2.90653 0.113156 
-2.5079 0.302776 -0.596822 2.39941 1.48578 -1.94474 -0.342429 1.24439 -3.50878 3.2987 2.20435 
3.984 2.0331 -1.94769 -1.4487 -1.10278 0.759304 -0.10975 0.547195 3.31955 0.156389 -6.8372 
2.83553 -2.25669 1.1596 0.843333 -4.4428 -1.21387 1.42718 -0.907862 1.00433 -1.63406 0.608196 
0.121304 -0.682684 -0.0689155 -0.465597 -4.50435 3.27221 0.484696 2.05525 0.965911 -0.802819 -0.0307035 
-7.36949 0.0371114 -0.126999 -0.00959489 -0.14824 -0.0880691 -3.93219 0.0559464 4.34475 4.78613 -8.26535 
-1.55645 -0.0536042 -0.132533 -0.17106 5.38229 -8.49126 -2.3996 -0.335759 4.04732 -0.0632216 -4.00347 
9.51771 -0.775025 -0.423021 -2.69851 -2.71295 0.0894936 0.141471 3.94862 0.448557 2.5258 0.0168584 
-0.193498 3.27264 3.4798 -0.164108 -2.03717 -4.02687 4.3558 0.32946 1.23027 4.27593 3.01472 0.975467 2.42362 0.631083 0.151516 -4.28725 1.87606 7.9954 2.46183 -0.275758 0.368399 -3.52488 0.304788 -0.663477 1.65531 0.784682 -7.68877 6.02073 -1.86907 
-0.554695 -0.674242 -2.43137 -0.642511 0.0464791 0.541199 -0.475725 0.41376 0.0805803 0.76731 0.281101 1.24989 -0.22044 0.37846 0.960461 -0.0779049 0.0929014 1.21515 0.679063 -2.10255 1.12674 -0.522209 0.943522 -0.552182 -0.15974 -1.45089 -0.965833 -2.19675 0.936166 
